tree
version=v4
num_class=1
num_tree_per_iteration=1
label_index=0
max_feature_idx=64
objective=binary sigmoid:1
feature_names=ear_q25 ear_energy ear_max ear_q75 ear_min right_ear_q75 right_ear_energy left_ear_mean ear_mean left_ear_min left_ear_q25 yaw_q25 right_ear_max yaw_min gaze_x_min left_ear_energy left_ear_q75 gaze_y_max right_ear_q25 right_ear_mean yaw_max yaw_energy left_ear_max gaze_y_energy pitch_min pitch_q25 gaze_y_mean_absolute_change relative_ear_min relative_ear_std gaze_y_maximum_absolute_change mar_max roll_min gaze_y_range relative_ear_q25 pitch_mean left_ear_coefficient_of_variation pitch_max relative_ear_q75 mar_energy gaze_x_max roll_energy gaze_y_skewness gaze_y_q75 gaze_zone_DOWN_ratio mar_min pitch_q75 mar_q25 roll_q75 gaze_y_variance relative_ear_max relative_ear_mean roll_q25 roll_max yaw_coefficient_of_variation gaze_x_energy gaze_y_median mar_mean face_velocity_x_max head_motion_q25 mar_variance face_velocity_x_min pitch_energy face_velocity_x_maximum_absolute_change head_motion_median gaze_y_q25
feature_infos=[0.014588625340056:0.3154795833333332] [0.00031381706747979999:0.14557452437803739] [0.023180845895343399:0.56480299999999983] [0.019746485217630901:0.45702389032193591] [0.0075993117376561004:0.28659706698660298] [0.0095973996339417996:0.75684150227522151] [6.3511089469130207e-05:0.3910681323291606] [0.024098764949838598:0.31456486412412238] [0.017531095908300199:0.36157983484152251] [0.0038273236323584001:0.25940860179640729] [0.020766511132516399:0.267971906240624] [-75.569577777672606:71.79598169066881] [0.014972890382461501:0.98308852865291363] [-79.014324362436227:59.704632163216367] [-1:1] [0.00058829603661510004:0.1169325882211] [0.025548763330346301:0.48096597760447379] [-0.8139719938660781:1] [0.0029259164066249999:0.37876683114449811] [0.0067838864630141004:0.57746608892542717] [-44.806040431913615:87.575816391662684] [0.14177905363202631:5511.7419848430327] [0.031327911528148601:0.59650700000000001] [0.00020813838258660001:0.99630434364359] [-73.549827892753456:22.391378231155816] [-52.132890881493722:37.853870303186369] [0.0022978594507664998:0.45660373594923448] [0.032661663667282299:1.6692837641138454] [0.0040956157883477:0.62536256732327933] [0.0071613017390516004:1.3128334657276477] [0.0014038691949434:1.3423096081488179] [-61.284971323799368:8.3134375420066462] [0.015202869141130001:2] [0.090579239338304099:1.8509733129229595] [-33.481129976493349:51.949149131714762] [0.0057604811880303999:1.0915592338692719] [-21.557731784331256:86.786962692945409] [0.12260529224673521:2] [8.5698652405316036e-07:1.3798279971418801] [-0.95814999999999995:1] [0.0044630041283223003:2159.8276655622622] [-5.4772255750516425:5.4772255750516621] [-1:1] [0:1] [0.00037587491683299998:0.92497590143312736] [-23.689241103167504:76.368049999999982] [0.00065318540419160003:1.1174343223860543] [-30.220990110217464:34.863054926322079] [1.755131253276934e-05:0.60196037714762707] [0.14392933365338589:2] [0.10884989221965009:1.8926651507720349] [-59.952112027056941:10.9790991876507] [-28.951493572303274:72.921733333333336] [0.0057158936257052997:218.65245239316835] [0.0001248884614237:1] [-1:1] [0.00088972312519560001:1.1629250188169586] [-0.044934460946161402:2.5930026690170149] [2.8418122751773938:1929.2379506587515] [1.1070121175315648e-08:0.23936123927464559] [-2.0809135779239907:0.0025903762666304999] [0.052355841009922598:3241.4289696052492] [0:3.4675460904739666] [4.7567254543730391:2727.318094670426] [-1:1]
tree_sizes=1747 1753 1751 1752 1749 1750 1751 1751 1746 1756 1744 1750 1749 1757 1751 1758 1746 1754 1749 1757 1758 1760 1758 1755 1749 1753

Tree=0
num_leaves=15
num_cat=0
split_feature=9 49 44 22 30 25 5 8 47 17 2 30 25 54
split_gain=2377.47 1271.36 954.915 597.012 574.488 730.135 507.785 496.3 574.151 314.934 254.042 230.322 208.849 185.725
threshold=0.12724681322579842 1.0546005703174079 0.0037945719911680505 0.24092403524533387 0.055179064015238158 1.1114337409467943 0.18976180816187108 0.14993348786324098 -2.8324479920553856 -0.20688333333333311 0.24580643016685447 0.37046063836383741 -9.4918653002562312 0.080699772432761163
decision_type=2 2 2 2 2 2 2 2 2 2 2 2 2 2
left_child=2 3 -1 4 5 -2 13 -4 10 -5 -9 -6 -10 -3
right_child=1 6 7 9 11 -7 -8 8 12 -11 -12 -13 -14 -15
leaf_value=0.053400927803990243 0.05490335650616783 0.055889543858247216 0.042583659034130091 0.039772726539943404 -0.047432249086111933 -0.026013390869851445 0.042708608285153438 0.025285461454080581 0.035173788771445384 -0.057373436049573075 -0.053004786882068562 0.019093318482768351 -0.052098428375683868 -0.046802602224837273
leaf_weight=736.35889030247927 178.5684140175581 17.999291017651558 248.79348926991224 30.640969753265381 394.42227900028229 226.51217081397772 333.07499247789383 325.07156758010387 26.95519332587719 695.45297425240278 41.135401219129562 52.448823571205139 222.61344624310732 96.558124646544456
leaf_count=3002 1221 185 842 300 605 2071 1256 928 55 2859 86 109 835 546
internal_value=0.00100321 -0.0205846 0.0283182 -0.0332404 -0.0161659 0.00968908 0.0239924 0.00691105 -0.00753779 -0.0532166 0.0163545 -0.0395856 -0.0425457 -0.0302716
internal_weight=3626.61 2025.68 1600.93 1578.05 851.952 405.081 447.632 864.569 615.776 726.094 366.207 446.871 249.569 114.557
internal_count=14900 9152 5748 7165 4006 3292 1987 2746 1904 3159 1014 714 890 731
is_linear=0
shrinkage=1


Tree=1
num_leaves=15
num_cat=0
split_feature=35 11 46 46 16 17 15 31 20 30 37 52 37 18
split_gain=2328.61 1126.46 961.439 710.646 994.341 543.802 474.459 381.312 340.532 257.436 267.667 171.77 106.73 103.438
threshold=0.094665746006979315 -1.5982478869430301 0.0047471856982632512 0.0060062731685671007 0.23196108354393716 -0.18600403610800373 0.024377669662194103 -3.8175383856804519 50.344166763911495 0.51052855527640928 1.0315720069402858 -0.6883944697736385 1.0590580755504051 0.11783787045818166
decision_type=2 2 2 2 2 2 2 2 2 2 2 2 2 2
left_child=1 5 -2 4 -3 11 -4 8 -8 10 -5 -1 -6 -9
right_child=2 3 6 9 12 -7 7 13 -10 -11 -12 -13 -14 -15
leaf_value=0.054041765505475702 0.050788125014264697 0.051605179814793331 0.04259872417121785 -0.04035482645086548 -0.057768197778801197 -0.055270708822538518 0.015939334679899924 0.011838972328822736 -0.054568548923521136 0.045516109374154769 0.016788087883230642 -0.055086132578576842 0.051455432742733974 -0.046639954457987749
leaf_weight=57.154876239597797 740.32872188091278 343.10745916515589 247.26813523471355 421.50197762995958 107.44282434880733 798.2583449780941 527.62542050331831 31.158828638494015 68.778982035815716 42.69410902261734 88.634426034986973 15.785331778228281 7.8810991495847693 189.59687925130129
leaf_count=583 2974 2480 798 974 1076 3358 1158 113 133 76 199 65 82 846
internal_value=0.000212683 -0.0231232 0.024556 -0.00156902 0.0260108 -0.0481054 0.00627485 -0.00474785 0.0077204 -0.0244559 -0.0304013 0.0299181 -0.0498742 -0.0383427
internal_weight=3687.22 1882.46 1804.76 1011.26 458.431 871.199 1064.43 817.16 596.404 552.831 510.136 72.9402 115.324 220.756
internal_count=14915 8893 6022 4887 3638 4006 3048 2250 1291 1249 1173 648 1158 959
is_linear=0
shrinkage=0.03


Tree=2
num_leaves=15
num_cat=0
split_feature=9 49 44 47 57 61 42 23 5 28 54 22 33 47
split_gain=2250.46 1130.53 901.633 563.896 464.972 450.85 428.836 394.781 321.862 241.968 151.143 138.429 132.9 132.192
threshold=0.12724681322579842 1.0546005703174079 0.0036085165892492505 5.4023799408252557 0.26909474934702166 32.508565688652162 -0.14764775705214092 0.068486490727657515 0.18976180816187108 0.10923522298996925 0.080699772432761163 0.21371397619757612 0.89731070988827655 -4.0639414333004789
decision_type=2 2 2 2 2 2 2 2 2 2 2 2 2 2
left_child=2 3 -1 5 7 6 -2 9 10 -4 -3 -6 -9 -7
right_child=1 8 4 -5 11 13 -8 12 -10 -11 -12 -13 -14 -15
leaf_value=0.051207633269620197 0.019157898159217139 0.053350832922436725 0.038710824139443836 0.039207410787589984 0.001315012325030275 -0.034049047098439436 -0.040400168434082818 0.039065219856578244 0.038587570051308251 -0.032068337916025688 -0.039474502781755176 -0.053996764756642078 -0.0067136612853622201 -0.055431605895539297
leaf_weight=730.98396700620651 217.6626888141036 18.410548813641071 56.6372444704175 93.240785956382751 59.981634303927422 451.47900161147118 215.55281404405832 415.30564244091511 311.19729600101709 175.98149388283491 84.342258349061012 124.16536827385426 65.578674539923668 645.59257224202156
leaf_count=2890 1778 190 162 79 247 1255 2014 988 1258 1144 531 147 148 2045
internal_value=0.000211993 -0.0207965 0.0264947 -0.0320788 0.00632886 -0.0364489 -0.0104871 0.0173068 0.0234092 -0.0147176 -0.022431 -0.036038 0.0328089 -0.0466765
internal_weight=3666.11 2037.48 1628.63 1623.53 897.65 1530.29 433.216 713.503 413.95 232.619 102.753 184.147 480.884 1097.07
internal_count=14876 9150 5726 7171 2836 7092 3792 2442 1979 1306 721 394 1136 3300
is_linear=0
shrinkage=0.03


Tree=3
num_leaves=15
num_cat=0
split_feature=9 11 44 44 15 64 20 21 10 37 3 11 19 30
split_gain=1913.32 1113.75 884.536 854.595 899.151 625.25 521.31 481.958 408.721 370.358 229.484 203.032 199.053 167.174
threshold=0.11922110952953427 -0.86362181886069866 0.0038417657166930005 0.004884663029893101 0.051982388127276458 -0.22005296763579213 49.193433243972017 483.06295887582763 0.2165208335237914 1.0075454292599264 0.23345909339195295 -19.327502081310907 0.13367696615924138 0.46241311717656486
decision_type=2 2 2 2 2 2 2 2 2 2 2 2 2 2
left_child=2 5 -1 4 -3 8 7 12 -2 13 -9 -10 -4 -5
right_child=1 3 6 9 -6 -7 -8 10 11 -11 -12 -13 -14 -15
leaf_value=0.049824115086936509 -0.050522691855535498 0.048546732305421843 0.045382978432402639 -0.042377044931236452 -0.047106178825211342 -0.053625728805752435 -0.053517398091298483 0.031685316921346914 0.057152035635687971 0.012274665922500665 -0.029547313545521103 -0.042972743212623628 -0.055352379010353621 0.023527129408906274
leaf_weight=700.75775515288115 70.840067379176617 428.18542404472828 20.269745476543903 418.64413572102785 110.4883571639657 805.68343218415976 119.86686897277832 526.36846002936363 101.20906516164541 195.8135117739439 60.621020205318928 21.342458046972752 106.51747860014439 37.009430348873138
leaf_count=2880 143 2596 209 969 1115 3275 125 1188 658 379 49 219 1000 59
internal_value=-0.000670574 -0.0186724 0.0250052 0.000932345 0.0288651 -0.04201 0.00410062 0.0138463 0.00637778 -0.0221639 0.0253118 0.03946 -0.0389715 -0.0369712
internal_weight=3723.62 2189.22 1534.4 1190.14 538.674 999.075 833.644 713.777 193.392 651.467 586.989 122.552 126.787 455.654
internal_count=14864 9413 5451 5118 3711 4295 2571 2446 1020 1407 1237 877 1209 1028
is_linear=0
shrinkage=0.03


Tree=4
num_leaves=15
num_cat=0
split_feature=9 49 46 36 46 8 57 47 23 2 21 16 61 22
split_gain=1742.71 970.452 696.59 462.658 438.316 415.719 412.372 395.437 367.228 275.46 224.605 299.47 216.352 215.657
threshold=0.12724681322579842 1.0294386158207862 0.0050943805980088004 23.993058123990352 0.0032952519472554506 0.14993348786324098 0.037645191000117852 -2.8324479920553856 0.046510480715352513 0.24580643016685447 1768.6716699276183 0.21437797100066247 81.374088438681227 0.22737168678829223
decision_type=2 2 2 2 2 2 2 2 2 2 2 2 2 2
left_child=2 3 -1 6 -3 -4 8 9 -2 -7 11 -6 -9 -8
right_child=1 4 5 -5 10 7 13 12 -10 -11 -12 -13 -14 -15
leaf_value=0.046999177320397316 -0.028503052792442935 0.047343352882069929 0.038225315125275293 0.047717813656920523 0.010784800570730467 0.022725118425630821 -0.024788345384823982 -0.046962379204112219 0.047587220947262796 -0.051513001000433163 0.044281810047932704 -0.045275125899116017 0.034479131270035449 -0.052160142717039365
leaf_weight=679.94089338928461 146.66468245536089 220.02352976799011 263.79550734162331 62.858164131641388 186.26646969467402 329.2299897223711 406.49683144688606 215.01525536179543 92.055755190551281 51.078457474708557 68.261713624000549 157.2667925581336 33.147683724761009 733.89428296685219
leaf_count=2960 1493 1271 882 61 540 921 1385 808 944 98 74 633 71 2702
internal_value=0.000331899 -0.0177222 0.0241457 -0.0313013 0.0132599 0.00669059 -0.0349392 -0.00657601 0.000890081 0.0126297 -0.00500705 -0.0149185 -0.0359653 -0.0424389
internal_weight=3646 2073.79 1572.21 1441.97 631.819 892.267 1379.11 628.471 238.72 380.308 411.795 343.533 248.163 1140.39
internal_count=14843 9103 5740 6585 2518 2780 6524 1898 2437 1019 1247 1173 879 4087
is_linear=0
shrinkage=0.03


Tree=5
num_leaves=15
num_cat=0
split_feature=9 14 20 40 23 10 44 21 37 12 3 22 44 19
split_gain=1788.33 977.083 774.034 746.362 520.361 460.51 428.887 452.921 362.867 398.891 266.552 211.678 213.662 178.46
threshold=0.11922110952953427 -0.14677730291885963 49.193433243972017 27.619220561930181 0.05385492144880296 0.2165208335237914 0.0041552082333171508 532.75803583772483 1.029470636621866 0.16662049171349028 0.23521365903195254 0.24215264198641073 0.0059769747974799505 0.13367696615924138
decision_type=2 2 2 2 2 2 2 2 2 2 2 2 2 2
left_child=2 4 6 8 -2 -6 -1 13 9 -3 -9 12 -5 -8
right_child=1 3 -4 11 5 -7 7 10 -10 -11 -12 -13 -14 -15
leaf_value=0.046686825616250635 -0.050448693101031658 0.053918024761292642 -0.046946851063424472 0.049662639290979756 -0.049645169168142579 0.049304012796630277 0.043402314081540994 0.030549867237463387 0.027191248655896283 -0.038415005190680043 -0.051053379721774296 -0.048566084173653705 0.0095481327291053152 -0.053807010149507055
leaf_weight=734.79155794531107 792.41703768074512 45.020132876932621 124.65517902374268 275.09831147640944 72.731918528676033 98.376441016793251 19.439523249864578 530.78053776174784 117.25270968675613 504.09541267156601 37.699707217514515 30.094521582126617 212.45550857484341 103.72588859498501
leaf_count=2939 3313 434 187 1368 75 636 191 1155 691 2245 34 238 357 961
internal_value=-7.23094e-05 -0.0177992 0.024463 0.000455052 -0.0402142 0.00716539 0.0307362 0.0137389 -0.0205201 -0.0307498 0.0250475 0.0274555 0.03225 -0.0381899
internal_weight=3698.63 2147.54 1551.09 1184.02 963.525 171.108 1426.44 691.646 666.368 549.116 568.48 517.648 487.554 123.165
internal_count=14824 9357 5467 5333 4024 711 5280 2341 3370 2679 1189 1963 1725 1152
is_linear=0
shrinkage=0.03


Tree=6
num_leaves=15
num_cat=0
split_feature=9 11 44 50 17 20 21 40 12 49 19 44 22 44
split_gain=1912.95 852.794 703.94 690.092 437.61 430.091 425.233 365.84 341.76 213.191 191.135 187.164 185.019 166.929
threshold=0.12724681322579842 -0.86362181886069866 0.0038417657166930005 0.97610958674318649 -0.18600403610800373 49.193433243972017 483.06295887582763 54.316875340618431 0.16662049171349028 1.2537095768820967 0.13367696615924138 0.13989022457245728 0.23936993462170483 0.0066378720086633508
decision_type=2 2 2 2 2 2 2 2 2 2 2 2 2 2
left_child=2 4 -1 7 -2 6 10 8 -3 -6 -4 -8 13 -5
right_child=1 3 5 12 9 -7 11 -9 -10 -11 -12 -13 -14 -15
leaf_value=0.045776690611770081 0.02898274828739204 0.052203775425195054 0.04364688952897712 0.053116430695092885 -0.049242755703945172 -0.048338767593224516 0.031563347772115433 0.03449270423146307 -0.035029082332532935 0.045578265555572414 -0.052210247650008097 -0.010483500948983565 -0.037145942400767448 0.011627145996626882
leaf_weight=720.68809128552675 73.521312832832336 42.672847524285316 21.794415511190891 210.90051046013832 846.80989155173302 113.88774871826172 522.56132435053587 94.729070693254471 553.3505052998662 21.082657963037491 106.69306605309248 115.71644572168589 33.219018384814262 150.31024842709303
leaf_count=2997 662 415 227 1190 3490 145 1061 514 2245 28 1008 281 246 286
internal_value=-0.000687303 -0.0200489 0.0238095 -0.00191031 -0.040927 0.00579416 0.0138948 -0.0199848 -0.0286965 -0.0468827 -0.0356928 0.0239266 0.0296983 0.0359479
internal_weight=3627.94 2026.6 1601.34 1085.18 941.414 880.653 766.765 690.752 596.023 867.893 128.487 638.278 394.43 361.211
internal_count=14795 9076 5719 4896 4180 2722 2577 3174 2660 3518 1235 1342 1722 1476
is_linear=0
shrinkage=0.03


Tree=7
num_leaves=15
num_cat=0
split_feature=9 11 44 40 20 55 10 21 57 16 56 6 13 3
split_gain=1811.99 888.373 644.557 621.268 403.309 358.023 316.356 315.293 426.491 193.308 215.747 177.93 171.426 170.182
threshold=0.12724681322579842 -1.5982478869430301 0.0037945719911680505 27.619220561930181 15.353326759131219 -0.20069314236155333 0.2165208335237914 483.06295887582763 0.27789650555469747 0.2358757699711477 0.037700054081090652 0.018813260150315102 -15.705467199413183 0.23345909339195295
decision_type=2 2 2 2 2 2 2 2 2 2 2 2 2 2
left_child=2 5 -1 4 -3 6 -2 11 13 10 -5 -4 -8 -9
right_child=1 3 7 9 -6 -7 12 8 -10 -11 -12 -13 -14 -15
leaf_value=0.045359679615444716 -0.047315012948799848 0.019071112773847779 0.043524714774308429 0.048003591426843829 -0.034571745949927964 -0.049074144408867836 0.053017681572397564 0.032090728373529387 -0.033860774091783466 -0.048299514817787818 0.0059590286047992973 -0.05122363806132979 -0.044245099419546803 -0.01745718589742444
leaf_weight=757.45907604694366 75.281922303140163 175.09724540263414 20.460878774523735 267.31259979307652 444.27013205736876 720.0580205693841 80.220766417682171 508.82006687670946 130.14354182779789 28.715514279901981 187.11480114609003 108.07941653579473 19.526145972311497 70.281173080205917
leaf_count=2966 117 1795 214 1321 1322 3187 642 1107 325 237 312 1017 203 65
internal_value=0.0014879 -0.0175455 0.0253217 0.000480566 -0.0193908 -0.0397312 -0.00120051 0.00716529 0.0150138 0.0259545 0.0307556 -0.0358758 0.0336681 0.0260474
internal_weight=3592.84 1997.6 1595.24 1102.51 619.367 895.087 175.029 837.785 709.245 483.143 454.427 128.54 99.7469 579.101
internal_count=14830 9136 5694 4987 3117 4149 962 2728 1497 1870 1633 1231 845 1172
is_linear=0
shrinkage=0.03


Tree=8
num_leaves=15
num_cat=0
split_feature=9 44 49 47 15 47 57 46 64 36 3 30 24 37
split_gain=1615.56 808.091 692.172 452.647 386.547 446.197 325.992 283.657 267.512 258.27 248.963 247.039 135.894 129.335
threshold=0.14850368638982023 0.0037945719911680505 1.0463477834958532 6.3538343173437548 0.024910816390276602 -2.728311382792687 0.037645191000117852 0.0033807346387542004 -0.21225941377339827 28.548968642982889 0.23626731449165919 0.51052855527640928 0.74135092276327397 1.018839403261725
decision_type=2 2 2 2 2 2 2 2 2 2 2 2 2 2
left_child=1 -1 3 6 -3 10 8 -4 -2 -7 -6 -8 13 -9
right_child=2 4 7 -5 5 9 11 12 -10 -11 -12 -13 -14 -15
leaf_value=0.042111335243634501 0.036724649504471095 0.035498360882932303 0.046525414520913723 0.046449614137095557 0.017756225493724267 -0.0405130245650887 -0.042384336152076728 -0.036032659809100857 -0.0284393837749186 0.049963193631959779 -0.052770576465020098 0.054002283835714468 -0.047839188659425623 0.024686069692893997
leaf_weight=805.3007273375988 96.52582286298275 250.55500244349241 158.11310948431492 65.748790740966797 469.2821885868907 323.40081964433193 1098.2092459946871 42.99103906750679 134.41995093971491 30.217885315418243 48.816768139600754 23.592579804360867 52.698378145694733 110.73204256594181
leaf_count=3418 1002 833 1045 20 1217 1071 3901 52 1394 17 75 39 536 292
internal_value=0.000164802 0.0192002 -0.0204096 -0.0298827 0.00273189 -0.00670908 -0.0336288 0.0164171 -0.00113672 -0.0326455 0.0110106 -0.0403056 -0.00672918 0.00754322
internal_weight=3710.6 1927.57 1783.03 1418.5 1122.27 871.718 1352.75 364.535 230.946 353.619 518.099 1121.8 206.421 153.723
internal_count=14912 6631 8281 6356 3213 2380 6336 1925 2396 1088 1292 3940 880 344
is_linear=0
shrinkage=0.03


Tree=9
num_leaves=15
num_cat=0
split_feature=35 11 44 44 7 8 17 31 60 50 30 52 50 24
split_gain=1337.54 903.952 784.19 638.703 682.438 392.396 368.447 318.705 301.725 242.476 177.959 128.433 108.304 83.627
threshold=0.094665746006979315 -1.5982478869430301 0.0036085165892492505 0.0051248287953455001 0.22730769839289036 0.14883771402465679 -0.18600403610800373 -3.3007519211576812 -0.33564814981742963 0.98703166708914958 0.42589778419851315 -0.6883944697736385 1.0372264968488747 -12.355209990872048
decision_type=2 2 2 2 2 2 2 2 2 2 2 2 2 2
left_child=1 6 -2 4 -3 13 11 8 -7 10 -5 -1 -6 -4
right_child=2 3 5 9 12 7 -8 -9 -10 -11 -12 -13 -14 -15
leaf_value=0.046916131875067074 0.042226358336581123 0.044455920390261687 -0.011910184687221239 -0.039043489836403114 -0.050241925461842585 -0.04502600527650593 -0.046495422081941469 -0.043677709025388436 0.010769629980775262 0.017132395018783872 0.025114996714640639 -0.048315421609014315 0.048058366952012599 0.042472494567299866
leaf_weight=54.008665688335896 704.4950704574585 378.82973232865334 28.476131595671177 377.39341157674789 98.479796901345253 103.61936647444963 810.93449823558331 180.17604093998671 523.52749298512936 111.45086473971605 42.569313704967499 15.649392060935496 10.372107759118078 201.67359182983637
leaf_count=563 2948 2532 169 841 1021 187 3385 809 1219 250 66 68 109 636
internal_value=-0.00115554 -0.0185626 0.0178239 0.000673609 0.0254443 0.00122296 -0.0408067 -0.00862895 0.00148433 -0.0220524 -0.0324816 0.0250555 -0.0404684 0.0356954
internal_weight=3641.66 1899.69 1741.97 1019.1 487.682 1037.47 880.593 807.323 627.147 531.414 419.963 69.6581 108.852 230.15
internal_count=14803 8835 5968 4819 3662 3020 4016 2215 1406 1157 907 631 1130 805
is_linear=0
shrinkage=0.03


Tree=10
num_leaves=15
num_cat=0
split_feature=9 49 46 47 15 61 47 5 42 3 54 30 61 46
split_gain=1425.97 748.81 633.133 493.532 377.057 377.04 349.157 330.671 320.847 228.993 122.277 102.141 95.3728 81.6002
threshold=0.12724681322579842 1.0546005703174079 0.0050943805980088004 5.4023799408252557 0.024377669662194103 33.017963198717361 -2.728311382792687 0.19278356853302817 -0.14764775705214092 0.23345909339195295 0.080699772432761163 0.46241311717656486 81.374088438681227 0.15868621323098583
decision_type=2 2 2 2 2 2 2 2 2 2 2 2 2 2
left_child=2 3 -1 5 -4 8 9 10 -2 -6 -3 -7 -8 -9
right_child=1 7 4 -5 6 11 12 13 -10 -11 -12 -13 -14 -15
leaf_value=0.041785033721752379 0.018210121865950918 0.046616955654650516 0.034878465947481903 0.034792311076609489 0.021243057379556805 -0.041932402884555228 -0.039163668978384074 0.043635265156452725 -0.033627562510708753 -0.04498635433465533 -0.034541829507251945 0.012445611492581598 0.019833368583580081 -0.013867569954082861
leaf_weight=678.98537638038397 218.01461488753557 19.00486596673727 244.57104188203812 108.31597048044205 300.90888942033052 1083.1943723708391 257.56117242574692 239.86444368958473 209.9283607378602 54.641749009490013 101.49355877190828 31.416688799858093 26.514643020927906 23.83708393573761
leaf_count=2970 1773 202 807 87 920 3233 878 1105 2041 74 590 34 61 74
internal_value=-0.00151992 -0.0180695 0.0200195 -0.0268476 0.00327045 -0.0311995 -0.00884158 0.0196054 -0.00722409 0.0109503 -0.0214139 -0.0403845 -0.0335858 0.0383819
internal_weight=3598.25 2035.07 1563.18 1650.87 884.197 1542.55 639.626 384.2 427.943 355.551 120.498 1114.61 284.076 263.702
internal_count=14849 9139 5710 7168 2740 7081 1933 1971 3814 994 792 3267 939 1179
is_linear=0
shrinkage=0.03


Tree=11
num_leaves=15
num_cat=0
split_feature=9 11 46 16 44 55 20 10 49 11 30 49 13 11
split_gain=1338.67 715.153 591.024 661.575 551.919 395.779 355.975 269.645 259.542 257.413 220.36 184.609 162.453 139.234
threshold=0.11922110952953427 -1.5982478869430301 0.005924038409379051 0.23053345738050776 0.0038417657166930005 -0.20069314236155333 49.193433243972017 0.2165208335237914 1.0546005703174079 21.580986952028255 0.48143345164300355 1.0635332620514248 -15.468619553027631 -23.08228408340813
decision_type=2 2 2 2 2 2 2 2 2 2 2 2 2 2
left_child=4 5 3 -3 -1 7 9 -2 10 13 -4 -5 -9 -6
right_child=1 2 8 11 6 -7 -8 12 -10 -11 -12 -13 -14 -15
leaf_value=0.041592681345113444 -0.043447354440521953 0.044932977139896565 -0.0359659726786224 -0.049181271673910086 0.047912035739340095 -0.045644265023502231 -0.045899478036109873 0.050567298930961346 0.012461604683549092 0.021531549366994977 0.037431184658643077 0.045506034247158433 -0.043259587072367406 -0.034490256615262324
leaf_weight=660.53058777749538 64.521599300205708 365.40276377648115 454.23372203111649 109.51031901687384 20.603670448064804 735.4815903827548 107.24513816833496 89.232933156192303 173.99247254431248 573.76572240889072 39.172394283115864 21.37988593429327 19.475706167519093 127.31201566755772
leaf_count=2883 123 2432 1024 1151 212 3226 135 658 356 1017 60 132 208 1243
internal_value=-0.000528741 -0.0161191 -0.00053541 0.0242251 0.0211557 -0.0360464 0.00483267 0.0046968 -0.0189655 0.0124331 -0.0300628 -0.0334416 0.033462 -0.0227272
internal_weight=3561.86 2072.4 1163.69 496.293 1489.46 908.712 828.927 173.23 667.399 721.681 493.406 130.89 108.709 147.916
internal_count=14860 9370 5155 3715 5490 4215 2607 989 1440 2472 1084 1283 866 1455
is_linear=0
shrinkage=0.03


Tree=12
num_leaves=15
num_cat=0
split_feature=9 11 46 15 46 17 1 47 37 5 21 26 52 3
split_gain=1232.35 691.106 547.556 620.283 531.41 343.17 327.063 299.91 259.895 238.138 192.96 171.943 119.176 115.516
threshold=0.11922110952953427 -0.86362181886069866 0.0060062731685671007 0.051828656009929357 0.0050943805980088004 -0.18332822911786037 0.021867977274098001 -2.8324479920553856 1.0075454292599264 0.25227857377619284 532.75803583772483 0.061794718346612057 -0.6883944697736385 0.21680798507786417
decision_type=2 2 2 2 2 2 2 2 2 2 2 2 2 2
left_child=4 5 3 -3 -1 12 -6 10 11 -7 -8 -4 -2 -10
right_child=1 2 8 -5 6 9 7 -9 13 -11 -12 -13 -14 -15
leaf_value=0.040956899583302085 0.045790095640168817 0.042561566198303827 -0.03997174688370965 -0.039001979450530862 0.036126907698288128 -0.043650578343873848 -0.052549782177102031 -0.033096660028319347 0.024739170543235208 0.046628063888233109 0.018692335790667147 0.002479153022535068 -0.045906427064025951 -0.028960746317460886
leaf_weight=692.21639466285706 59.173409551382065 385.04887740314007 343.17098458856344 106.30005280673504 219.73410922288895 754.63986824452877 37.447663731873035 232.2299472540617 148.96705920249224 26.39695930480957 309.71524436026812 113.92377188056707 15.26108732819557 46.461738340556622
leaf_count=2809 625 2578 769 1134 723 3520 311 923 274 3 696 277 68 117
internal_value=0.00110157 -0.0142888 0.000963655 0.0248603 0.0217342 -0.0346676 0.00504531 -0.00677395 -0.0170318 -0.040536 0.0108615 -0.0293961 0.026551 0.0118594
internal_weight=3490.69 1999.34 1143.87 491.349 1491.34 855.471 799.127 579.393 652.524 781.037 347.163 457.095 74.4345 195.429
internal_count=14827 9365 5149 3712 5462 4216 2653 1930 1437 3523 1007 1046 693 391
is_linear=0
shrinkage=0.03


Tree=13
num_leaves=15
num_cat=0
split_feature=9 44 22 56 14 57 41 55 30 20 18 19 21 39
split_gain=1215.62 695.772 528.868 474.033 627.332 348.052 283.944 257.548 199.449 174.153 171.036 135.437 94.2426 246.18
threshold=0.14850368638982023 0.0036085165892492505 0.23936993462170483 0.0061283534911826011 -0.16740404495673392 0.27789650555469747 2.7359462205520493 -0.20069314236155333 0.46241311717656486 -14.34385299670266 0.11968695777609366 0.15063631083874082 539.08697425202274 -0.055303106637765088
decision_type=2 2 2 2 2 2 2 2 2 2 2 2 2 2
left_child=1 12 3 4 -2 6 10 9 11 -4 -3 -5 13 -1
right_child=2 5 7 8 -6 -7 -8 -9 -10 -11 -12 -13 -14 -15
leaf_value=-0.05167534041093811 -0.041127067439889392 0.03785746716745772 0.036746898009461113 0.035684461857723178 0.041776334028420792 -0.034951841416749521 -0.03425654674294764 -0.045072238382586352 0.046394634376270755 -0.041312065058525568 0.0069763375520863488 -0.032562982832259807 0.046164934421919025 0.035131048347520094
leaf_weight=33.062785938382149 110.75412327796221 222.48301616311073 63.37417284399271 26.949577271938324 309.40168089419603 193.60450124740601 117.19788796454668 625.23145221918821 33.41225665807724 41.826946318149567 586.02875079959631 436.43531288206577 508.64618730545044 215.83618833124638
leaf_count=357 1013 708 397 170 2258 444 549 2640 52 334 1584 1350 631 2332
internal_value=5.15987e-05 0.0165562 -0.018747 -0.00355897 0.0198628 0.00151652 0.00917953 -0.0377743 -0.0233796 0.00555815 0.0155178 -0.0285126 0.038739 0.0234154
internal_weight=3524.24 1876.86 1647.39 916.953 420.156 1119.31 925.71 730.433 496.797 105.201 808.512 463.385 757.545 248.899
internal_count=14819 6605 8214 4843 3271 3285 2841 3371 1572 731 2292 1520 3320 2689
is_linear=0
shrinkage=0.03


Tree=14
num_leaves=15
num_cat=0
split_feature=9 44 37 8 52 11 18 3 42 40 21 39 22 50
split_gain=1242.53 573.13 569.948 304.945 410.033 280.844 243.248 220.885 206.429 286.612 109.752 302.093 177.729 102.84
threshold=0.15191633312924177 0.0041067683714581509 1.0108894338247936 0.14993348786324098 -1.3998288928504163 -2.2186455732816985 0.14287459994599197 0.23521365903195254 -0.12207657567863459 27.619220561930181 509.4007396109759 -0.055303106637765088 0.23936993462170483 0.98703166708914958
decision_type=2 2 2 2 2 2 2 2 2 2 2 2 2 2
left_child=1 10 6 -3 7 -4 -2 -5 9 -8 11 -1 -13 -7
right_child=2 3 5 4 -6 13 8 -9 -10 -11 -12 12 -14 -15
leaf_value=-0.051369978589355776 0.042640128045502573 0.031859016212541481 -0.034613002499516848 0.014601762464130075 -0.037662752497269587 -0.028531845607006844 -0.030548913673990145 -0.051477276549989438 -0.043196684964656187 0.013692242290713563 0.043758489578830287 0.043108827093951016 -0.045491758238392396 0.037374105331483075
leaf_weight=43.561288148164749 41.693916328251362 236.76363629847765 74.267022423446178 477.02760586887598 259.939727216959 22.637044213712215 496.69096957147121 49.312288448214531 590.54773332923651 178.38051019608974 537.03581154346466 200.14986245334148 21.792665094137192 230.5723122805357
leaf_count=463 325 839 716 1368 837 78 3088 71 1754 862 755 2196 235 1286
internal_value=-2.27513e-05 0.0169827 -0.0190153 0.00208127 -0.00690682 0.0163275 -0.0278788 0.00831362 -0.0302385 -0.0188468 0.0359447 0.0200123 0.0342171 0.0313694
internal_weight=3460.37 1825.58 1634.79 1023.04 786.28 327.476 1307.31 526.34 1265.62 675.071 802.54 265.504 221.943 253.209
internal_count=14873 6764 8109 3115 2276 2080 6029 1439 5704 3950 3649 2894 2431 1364
is_linear=0
shrinkage=0.03


Tree=15
num_leaves=15
num_cat=0
split_feature=9 44 8 39 26 12 63 57 17 18 24 16 25 27
split_gain=1112.55 736.649 448.147 354.118 618.354 339.299 270.042 217.045 197.411 106.843 105.553 102.094 50.4147 33.4261
threshold=0.21353987912896175 0.0036085165892492505 0.14993348786324098 0.17860284383545258 0.04014480047856691 0.18968733468195553 19.15966458855527 0.35882341266479684 -0.20055986634839967 0.14287459994599197 -13.568161294407785 0.23123217461631826 7.2500354009387129 0.51653459704725413
decision_type=2 2 2 2 2 2 2 2 2 2 2 2 2 2
left_child=1 3 10 4 6 9 -1 -7 -2 -4 13 12 -10 -3
right_child=8 2 5 -5 -6 7 -8 -9 11 -11 -12 -13 -14 -15
leaf_value=0.014681079567340077 0.035767762233118311 0.0045037656981523639 0.0030651295628317627 0.04328546796362593 0.042037236024553851 0.0023683337648688968 -0.038899569780289071 -0.044551492296873448 0.032904858506471298 -0.040524840999759275 0.037368628226443719 -0.043213142634385075 -0.041106548911485949 -0.063852274519077865
leaf_weight=143.71636692434549 31.699567556381226 13.384664967656137 58.403551116585732 551.40893656760454 299.70925642549992 897.75378234684467 203.13901092112064 97.439272165298462 24.325689844787121 360.17097729444504 233.11315241456032 564.72666592895985 11.297808878123758 10.939018614590166
leaf_count=1451 345 71 246 3276 496 2168 1301 205 171 1754 825 2348 125 96
internal_value=-0.000242682 0.00769551 -0.00517188 0.0256402 0.010539 -0.0118079 -0.0167033 -0.00225967 -0.0362427 -0.0344356 0.0311524 -0.0401081 0.00878719 -0.0273084
internal_weight=3501.23 2869.18 1671.2 1197.97 646.565 1413.77 346.855 995.193 632.05 418.575 257.437 600.35 35.6235 24.3237
internal_count=14878 11889 5365 6524 3248 4373 2752 2373 2989 2000 992 2644 296 167
is_linear=0
shrinkage=0.03


Tree=16
num_leaves=15
num_cat=0
split_feature=9 11 40 44 20 17 20 21 3 46 24 6 12 52
split_gain=924.588 569.038 478.278 468.99 307.234 306.737 306.373 321.912 160.936 158.427 168.417 151.154 144.145 115.588
threshold=0.11922110952953427 -0.86362181886069866 27.619220561930181 0.0036085165892492505 14.625933105457717 -0.18600403610800373 49.193433243972017 483.06295887582763 0.23345909339195295 0.14826787195894101 3.8431683731229236 0.018813260150315102 0.26105535036243338 -0.6883944697736385
decision_type=2 2 2 2 2 2 2 2 2 2 2 2 2 2
left_child=3 5 4 -1 -3 13 7 11 -9 10 -4 -5 -7 -2
right_child=1 2 9 6 -6 12 -8 8 -10 -11 -12 -13 -14 -15
leaf_value=0.038664663296228537 0.045197221577966538 0.019366172500045211 0.035308786967260253 0.039248740772408704 -0.028571388801182145 -0.040557328331385506 -0.044002606900228287 0.026525022804033228 -0.019885030987401884 -0.013580270607500267 -0.044533053607428583 -0.046982871278573056 0.044900859577392253 -0.044467079401137595
leaf_weight=638.55386996269226 57.96613672375679 160.95027436316013 394.17521040886641 21.266547322273254 467.62269178777933 679.37478950619698 101.98613500595093 518.3849538564682 76.355358488857746 87.901445150375366 24.400300398468971 104.34130959957838 17.385673522949219 15.64823132753372
leaf_count=2785 618 1721 1485 233 1457 3552 127 1214 55 212 263 1033 2 76
internal_value=0.00144497 -0.0123173 0.0011882 0.0193952 -0.0162759 -0.0321994 0.00439618 0.0113082 0.0205332 0.0228635 0.0305452 -0.032141 -0.0383551 0.0257163
internal_weight=3366.31 1905.42 1135.05 1460.89 628.573 770.375 822.334 720.348 594.74 506.477 418.576 125.608 696.76 73.6144
internal_count=14833 9386 5138 5447 3178 4248 2662 2535 1269 1960 1748 1266 3554 694
is_linear=0
shrinkage=0.03


Tree=17
num_leaves=15
num_cat=0
split_feature=9 44 8 52 9 14 21 10 30 21 22 50 24 24
split_gain=955.451 695.209 383.401 318.368 292.309 473.766 286.545 231.253 187.33 146.555 306.134 143.706 117.718 111.449
threshold=0.21353987912896175 0.0036085165892492505 0.14993348786324098 -2.8333564872230004 0.17304361558164982 -0.16740404495673392 532.75803583772483 0.2165208335237914 0.0079366078242288016 539.08697425202274 0.23654455454000409 1.0241424649929938 2.5040497206203063 -13.568161294407785
decision_type=2 2 2 2 2 2 2 2 2 2 2 2 2 2
left_child=1 4 13 6 9 -6 -4 -5 11 10 -1 -2 -7 -3
right_child=8 2 3 7 5 12 -8 -9 -10 -11 -12 -13 -14 -15
leaf_value=0.032540727403230586 -0.042750366508584513 -0.033937783397538328 -0.047002359592184795 -0.031197833154913472 -0.041753569571701482 0.045240446153553111 0.010391661563659732 0.029470550825960222 0.015735484374859266 0.043709119973689113 -0.042319429557246158 0.032026101154312661 -0.0091300692379524366 0.035721398919065971
leaf_weight=243.32743564993143 530.48798761516809 21.922486066818237 88.985161989927292 634.48176993429661 136.00067552179098 140.50727287679911 600.85160989314318 61.18623474240303 60.603580191731453 535.85874723643064 60.576776005327702 23.395513243973255 47.367014139890671 220.7366486042738
leaf_count=2735 2240 159 903 1868 683 1228 1299 275 480 682 667 265 505 816
internal_value=-0.000215362 0.00723963 -0.00541349 -0.0115126 0.0249385 0.00070178 0.00292214 -0.0258186 -0.0340521 0.0342669 0.0175094 -0.039529 0.031525 0.0292901
internal_weight=3406.29 2791.8 1628.16 1385.5 1163.64 323.875 689.837 695.668 614.487 839.763 303.904 553.884 187.874 242.659
internal_count=14805 11820 5320 4345 6500 2416 2202 2143 2985 4084 3402 2505 1733 975
is_linear=0
shrinkage=0.03


Tree=18
num_leaves=15
num_cat=0
split_feature=9 44 50 57 11 18 18 12 36 57 54 22 39 36
split_gain=1000.43 522.306 471.34 280.75 268.533 231.791 217.611 261.305 183.936 171.409 75.1326 209.82 126.834 66.5553
threshold=0.14850368638982023 0.0036085165892492505 0.99382521728046103 0.27789650555469747 -8.7664867630605361 0.14287459994599197 0.13006264796456399 0.18968733468195553 28.548968642982889 0.035939130817158056 0.088494385253430521 0.2385293937549923 -0.055303106637765088 15.17710670865827
decision_type=2 2 2 2 2 2 2 2 2 2 2 2 2 2
left_child=1 10 5 6 13 -2 -3 -8 9 -7 11 12 -1 -4
right_child=2 3 4 -5 -6 8 7 -9 -10 -11 -12 -13 -14 -15
leaf_value=-0.040692761047361692 0.037270261671308536 0.031850749365380085 -0.043393995656088077 -0.033445728991451644 0.034272941384640973 -0.0018076292906669537 -0.033872802265174556 0.010259907808721916 0.036304548564919541 -0.034778278354890939 0.042267880205325549 -0.045225475521881539 0.041584480294255918 0.041314945465801334
leaf_weight=17.843122467398643 49.80911910533905 257.60782267153263 62.993483632802963 168.75071635842323 210.1836254298687 165.13805999606848 159.77789394557476 483.8611002266407 37.706696659326553 1030.2370548322797 467.3465262055397 35.339642770588398 169.57198696583509 8.7220118045806867
leaf_count=192 405 810 717 457 1313 1828 944 1100 53 3922 765 383 1933 3
internal_value=-0.000428306 0.015082 -0.0178769 0.00194403 0.0171885 -0.0255941 0.00860683 -0.000721904 -0.0281665 -0.0302338 0.0354115 0.020875 0.0335449 -0.0325827
internal_weight=3324.89 1760.1 1564.79 1070 281.899 1282.89 901.247 643.639 1233.08 1195.38 690.101 222.755 187.415 71.7155
internal_count=14825 6584 8241 3311 2033 6208 2854 2044 5803 5750 3273 2508 2125 720
is_linear=0
shrinkage=0.03


Tree=19
num_leaves=15
num_cat=0
split_feature=9 46 15 47 39 26 61 11 64 63 16 45 33 46
split_gain=952.543 537.479 381.401 389.622 375.636 513.154 325.812 238.293 193.714 133.797 97.8308 71.8048 68.0663 85.0858
threshold=0.21353987912896175 0.0055686766365675511 0.024910816390276602 -2.9237651098443007 0.17860284383545258 0.040617129336796405 9.9739463829629624 36.635694386102905 -0.24797145537748952 10.400998493554935 0.23123217461631826 8.9474258511470719 0.58143606226985312 0.15868621323098583
decision_type=2 2 2 2 2 2 2 2 2 2 2 2 2 2
left_child=1 4 12 7 5 6 -1 -4 -2 -5 -10 -7 -3 -14
right_child=8 2 3 9 -6 11 -8 -9 10 -11 -12 -13 13 -15
leaf_value=0.032841371602974533 0.025673864632238828 0.041399849600394799 -0.0041250628828053502 0.03773597610483817 0.041592482802458933 0.0038236485291303656 -0.031534978545500511 0.044257857793248305 0.0094945283951941104 -0.035142103180889221 -0.041332680547028648 0.041739765869115916 0.024121639336650288 -0.042878523792490797
leaf_weight=93.033881239593029 45.509120345115662 158.69909639656544 682.32678643614054 22.95173791795969 530.44023907929659 54.38553573936224 285.03190068155527 104.78764586895704 35.834399804472923 468.53425864875317 535.22764827311039 274.77990345656872 76.018523782491684 20.90283590555191
leaf_count=1026 409 415 1953 245 3273 527 2274 168 311 1462 2284 119 319 147
internal_value=0.000323267 0.00782924 -0.0040328 -0.0107279 0.0225297 0.00818512 -0.0156327 0.00235647 -0.0333693 -0.0316569 -0.0381217 0.0355239 0.0293436 0.00932025
internal_weight=3388.46 2771.89 1534.22 1278.6 1237.67 707.231 378.066 787.114 616.571 491.486 571.062 329.165 255.62 96.9214
internal_count=14932 11928 4709 3828 7219 3946 3300 2121 3004 1707 2595 646 881 466
is_linear=0
shrinkage=0.03


Tree=20
num_leaves=15
num_cat=0
split_feature=9 22 20 50 6 44 21 61 31 2 64 30 12 19
split_gain=894.327 517.335 382.331 370.17 289.627 230.648 270.357 217.552 217.482 205.99 176.472 175.179 135.065 106.191
threshold=0.12724681322579842 0.24215264198641073 49.193433243972017 0.97371485026954929 0.031657867588213505 0.0041552082333171508 483.06295887582763 31.942314160261997 -6.2610811362075802 0.24256890595726227 -0.25038447384455659 0.28588032999950946 0.22196617940265784 0.13367696615924138
decision_type=2 2 2 2 2 2 2 2 2 2 2 2 2 2
left_child=2 3 5 7 -5 -1 13 12 -9 -8 11 -3 -2 -7
right_child=1 10 -4 4 -6 6 9 8 -10 -11 -12 -13 -14 -15
leaf_value=0.034846636118423389 0.019159954365321814 0.032049981170602156 -0.036767768792192346 -0.021907611700823035 0.035568392706109807 0.035661111340301817 0.023040194738204303 -0.0023694489348303933 -0.041264363660886524 -0.04321749667732469 -0.040726479166403123 -0.045288645734798648 -0.038960320285802867 -0.045141565660359387
leaf_weight=637.28963623940945 205.96953385323286 64.639221370220184 107.5249342918396 104.86769814044237 309.71048709750175 16.437406122684479 547.84840083867311 224.10240031033754 306.64482708275318 44.778033077716827 593.58761566877365 43.042557969689369 42.547801546752453 94.379428058862686
leaf_count=3042 1864 438 205 766 1395 185 1265 525 1221 51 2667 50 168 948
internal_value=-0.000331896 -0.0138944 0.0174085 -0.00186893 0.0209976 0.021782 0.00990488 -0.0140532 -0.024888 0.0179594 -0.0343264 0.000948715 0.00906907 -0.0328907
internal_weight=3343.37 1895.11 1448.26 1193.84 414.578 1340.73 703.443 779.265 530.747 592.626 701.269 107.682 248.517 110.817
internal_count=14790 9094 5696 5939 2161 5491 2449 3778 1746 1316 3155 488 2032 1133
is_linear=0
shrinkage=0.03


Tree=21
num_leaves=15
num_cat=0
split_feature=35 44 22 44 57 21 61 59 22 46 39 19 21 39
split_gain=752.208 484.526 438.474 328.435 255.107 257.05 243.992 180.092 144.363 141.874 134.7 134.053 75.4355 183.519
threshold=0.091492692701229464 0.0035764813172935003 0.24278083453344368 0.0021515547842027504 0.27789650555469747 483.06295887582763 2.2783158678847326 0.015851678411605605 0.24215264198641073 0.005924038409379051 -0.085489401151224678 0.13367696615924138 557.1370626730361 -0.055303106637765088
decision_type=2 2 2 2 2 2 2 2 2 2 2 2 2 2
left_child=2 12 3 10 5 11 -5 -8 -7 -4 -1 -3 13 -2
right_child=1 4 9 6 -6 8 7 -9 -10 -11 -12 -13 -14 -15
leaf_value=-0.039591123416313968 -0.050850896811461203 0.037152306688791041 -0.040206213620927675 0.036468997298687744 -0.032469258024835329 0.020228273138373443 -0.020853271001141493 0.052176723797875309 -0.025350347495202336 0.023827177068821027 0.034590564322502827 -0.045032764715492203 0.041681660534340047 0.030796251146368511
leaf_weight=23.510379999876022 27.754572585225105 20.680438622832298 495.1098745316267 82.664251156151295 163.28438013792038 621.67615073919296 689.41549731791019 30.810031466186047 68.559889554977417 32.469880059361458 224.39461532980204 103.29345335066319 456.09871741384268 179.26780553907156
leaf_count=276 299 238 2559 603 404 1195 2895 44 172 322 1973 1078 616 2121
internal_value=0.000850739 0.0150723 -0.013928 -0.00270813 0.00163001 0.0085072 -0.0120346 -0.0176528 0.0156622 -0.0362163 0.0274005 -0.0310876 0.0348461 0.0196295
internal_weight=3218.99 1640.62 1578.37 1050.79 977.494 814.21 802.89 720.226 690.236 527.58 247.905 123.974 663.121 207.022
internal_count=14795 6123 8672 5791 3087 2683 3542 2939 1367 2881 2249 1316 3036 2420
is_linear=0
shrinkage=0.03


Tree=22
num_leaves=15
num_cat=0
split_feature=9 36 44 19 12 17 57 16 7 49 25 23 54 64
split_gain=808.055 476.666 410.615 318.996 304.297 154.864 101.567 76.8707 74.8239 73.5461 43.4071 27.7209 21.0178 26.8277
threshold=0.21353987912896175 18.453467805311284 0.0019022537478507002 0.14359377170302637 0.19039234219531698 -0.20055986634839967 0.28692836200545674 0.23123217461631826 0.23183739703280107 0.97008763806008724 7.2500354009387129 0.048605607988140904 0.23159574260294302 -0.14989809203189877
decision_type=2 2 2 2 2 2 2 2 2 2 2 2 2 2
left_child=1 2 8 6 -5 -2 -4 10 9 -1 -7 -10 13 -3
right_child=5 12 3 4 -6 7 -8 -9 11 -11 -12 -13 -14 -15
leaf_value=0.0049691183464690338 0.032775429422323483 -0.0032235462641492631 0.030841885988920483 -0.030463237045134702 -0.00079441575169738059 0.031295030869909417 -0.03987392909223416 -0.039585187712826049 -0.043447478534248699 0.040448774270273567 -0.038935367694482026 0.019686700065089935 0.041922825234205936 0.036580030174464054
leaf_weight=64.836976207792759 29.916490308940411 23.235144011676311 263.23066731542349 419.90971468389034 1194.8102390021086 22.123122125864029 18.721632182598114 478.68730719387531 15.151098527014257 294.07947217673063 11.030952475965021 9.3108173012733442 314.04444903880358 41.108017086982727
leaf_count=738 338 178 1415 2435 3954 158 145 2352 178 2513 129 22 230 56
internal_value=0.00071989 0.0075296 0.00234487 -0.00338059 -0.00852762 -0.032637 0.0260008 -0.0365285 0.0306209 0.0340878 0.00729662 -0.019352 0.0386669 0.0222853
internal_weight=3200.2 2658.44 2280.05 1896.67 1614.72 541.758 281.952 511.841 383.378 358.916 33.1541 24.4619 378.388 64.3432
internal_count=14841 11864 11400 7949 6389 2977 1560 2639 3451 3251 287 200 464 234
is_linear=0
shrinkage=0.03


Tree=23
num_leaves=15
num_cat=0
split_feature=4 37 44 47 57 18 14 21 30 57 21 22 39 26
split_gain=685.516 439.986 434.331 313.307 229.651 235.466 202.5 196.883 145.526 144.917 106.218 254.669 180.409 81.1143
threshold=0.15275547704190579 1.0108894338247936 0.0036085165892492505 6.3538343173437548 0.27789650555469747 0.13006264796456399 -0.15048715236194218 483.06295887582763 0.51052855527640928 0.055444666223167204 509.4007396109759 0.23615396032068367 -0.091141655761219686 0.074458100983143219
decision_type=2 2 2 2 2 2 2 2 2 2 2 2 2 2
left_child=2 3 10 8 5 -4 -3 -7 9 -2 11 12 -1 -8
right_child=1 6 4 -5 -6 7 13 -9 -10 -11 -12 -13 -14 -15
leaf_value=-0.05337448402470775 -0.012827676703902767 -0.03065034837791427 0.030312493990628932 0.031539021922454856 -0.031620415484635261 -0.038523571344763287 0.033423898579330709 0.0044294888588322506 0.04814890534098655 -0.038381576932758135 0.040786140873525126 -0.041759411174943389 0.039964968143369542 -0.029847008842891851
leaf_weight=19.704911328852177 283.19446267932653 65.526672646403313 268.43982702493668 81.465363502502441 165.60232210159302 114.41943803429604 225.06369023770094 570.57785096764565 20.443469688296318 694.7178717777133 413.70905464887619 53.223546504974365 192.58991742879152 18.973093949258327
leaf_count=216 3043 685 922 17 429 1208 1305 1121 34 2204 678 607 2344 54
internal_value=0.000144358 -0.015675 0.012372 -0.0247117 0.000873886 0.00655132 0.0158059 -0.00278218 -0.0293347 -0.0310082 0.0312774 0.0163417 0.0310636 0.0283786
internal_weight=3187.65 1389.38 1798.27 1079.82 1119.04 953.437 309.563 684.997 998.356 977.912 679.227 265.518 212.295 244.037
internal_count=14867 7342 7525 5298 3680 3251 2044 2329 5281 5247 3845 3167 2560 1359
is_linear=0
shrinkage=0.03


Tree=24
num_leaves=15
num_cat=0
split_feature=9 44 30 8 39 29 61 23 10 24 15 1 25 13
split_gain=729.595 589.752 290.802 294.985 226.834 384.644 249.882 194.009 192.933 120.617 69.424 39.6447 35.5057 24.6205
threshold=0.21353987912896175 0.0036085165892492505 0.48143345164300355 0.14993348786324098 0.17860284383545258 0.23402062286026801 10.88860146001266 0.053303821764663709 0.2165208335237914 -12.513796597491192 0.051828656009929357 0.04196720682616626 5.6786159625360755 -15.468619553027631
decision_type=2 2 2 2 2 2 2 2 2 2 2 2 2 2
left_child=1 4 3 9 5 6 -1 10 -5 -3 12 -4 -2 -9
right_child=7 2 11 8 -6 -7 -8 13 -10 -11 -12 -13 -14 -15
leaf_value=0.039060214712015678 0.031743068812075344 -0.040738797796001112 0.043877401871016693 -0.018425064610857335 0.038976628997013867 0.036586730798217393 -0.027496452703157908 0.044319656213851151 0.020379026391905909 0.032168472046190985 -0.038679696256815006 0.0077410271184691817 -0.033005521528439427 -0.0038218168569861019
leaf_weight=64.27021262049675 19.366125576198105 22.004290394484997 112.61454328149557 1095.7889734059572 500.91733469069004 275.86658647656441 227.54479523748159 30.001186110079288 127.894312530756 185.4834811091423 481.15645787864923 37.183097042143345 11.160616733133791 13.290363267064093
leaf_count=728 133 162 264 3325 3269 662 1918 242 774 731 2321 92 133 157
internal_value=0.000513338 0.00706895 -0.00456473 -0.00873775 0.0242745 0.0112452 -0.012734 -0.0307302 -0.0143512 0.0242495 -0.0358985 0.0350582 0.00758454 0.0296523
internal_weight=3204.54 2649.57 1580.97 1431.17 1068.6 567.682 291.815 554.975 1223.68 207.488 511.683 149.798 30.5267 43.2915
internal_count=14911 11925 5348 4992 6577 3308 2646 2986 4099 893 2587 356 266 399
is_linear=0
shrinkage=0.03


Tree=25
num_leaves=15
num_cat=0
split_feature=35 22 47 44 44 47 21 3 30 17 49 1 6 21
split_gain=678.458 531.292 353.134 332.066 284.649 284.612 251.043 197.351 180.032 142.064 92.4314 68.8195 48.5479 40.9523
threshold=0.12607947931016975 0.24215264198641073 2.9248112744668284 0.0037945719911680505 0.0018890789822891003 1.0107425815036633 483.06295887582763 0.23180833904832143 0.51052855527640928 -0.20688333333333311 0.97062309582792405 0.025370667544413205 0.017009021163810104 509.4007396109759
decision_type=2 2 2 2 2 2 2 2 2 2 2 2 2 2
left_child=1 2 4 13 10 6 12 -8 -6 -3 -1 -7 -5 -2
right_child=3 9 -4 5 8 11 7 -9 -10 -11 -12 -13 -14 -15
leaf_value=-0.0052072167079536165 0.021577241946410006 0.028053480736576326 0.037116003909180177 0.031790163739328151 -0.016330282361037965 0.010572722599300321 0.028930320726068753 -0.025085841805519551 0.041280516251333332 -0.037148001420701654 0.042827785493825467 -0.043280578206555252 -0.04421977952695872 0.040131448413721717
leaf_weight=50.505148328840733 155.10288257151842 30.894441917538643 194.75525074452162 7.6514755040407172 881.61087553203106 25.395150668919086 426.422502592206 70.075475692749023 50.682036250829697 585.26832704246044 121.51042249053717 118.10532479733229 70.184417873620987 393.15404217690229
leaf_count=568 1924 321 435 92 4086 182 1043 115 89 2920 1406 251 742 619
internal_value=0.000349636 -0.0109107 -1.8091e-05 0.0173832 -0.00660012 0.00393397 0.0133901 0.0212593 -0.0131511 -0.0338289 0.0287411 -0.0337015 -0.0363632 0.0349422
internal_weight=3181.32 1915.23 1299.06 1266.09 1104.31 717.834 574.334 496.498 932.293 616.163 172.016 143.5 77.8359 548.257
internal_count=14793 9825 6584 4968 6149 2425 1992 1158 4175 3241 1974 433 834 2543
is_linear=0
shrinkage=0.03


end of trees

feature_importances:
mar_min=28
left_ear_min=22
yaw_energy=18
yaw_q25=14
left_ear_max=14
mar_max=14
mar_q25=14
roll_q75=13
face_velocity_x_max=12
yaw_max=10
relative_ear_max=10
ear_q75=9
gaze_y_max=9
gaze_x_max=9
relative_ear_q75=8
pitch_energy=8
ear_mean=7
right_ear_max=7
left_ear_energy=7
left_ear_q75=7
right_ear_q25=7
right_ear_mean=7
pitch_min=7
relative_ear_mean=7
left_ear_q25=6
roll_max=6
gaze_y_energy=5
pitch_q25=5
pitch_max=5
roll_energy=5
gaze_x_energy=5
gaze_y_q25=5
right_ear_q75=4
right_ear_energy=4
gaze_x_min=4
gaze_y_mean_absolute_change=4
left_ear_coefficient_of_variation=4
ear_energy=3
ear_max=3
yaw_min=3
roll_min=3
gaze_y_q75=3
gaze_y_median=3
left_ear_mean=2
relative_ear_q25=2
mar_mean=2
head_motion_median=2
ear_min=1
relative_ear_min=1
relative_ear_std=1
gaze_y_maximum_absolute_change=1
gaze_y_skewness=1
pitch_q75=1
mar_variance=1
face_velocity_x_min=1

parameters:
[boosting: gbdt]
[objective: binary]
[metric: binary_logloss]
[tree_learner: serial]
[device_type: gpu]
[data_sample_strategy: bagging]
[data: ]
[valid: ]
[num_iterations: 26]
[learning_rate: 0.03]
[num_leaves: 15]
[num_threads: 2]
[seed: 42]
[deterministic: 0]
[force_col_wise: 1]
[force_row_wise: 0]
[histogram_pool_size: -1]
[max_depth: 5]
[min_data_in_leaf: 80]
[min_sum_hessian_in_leaf: 0.001]
[bagging_fraction: 0.85]
[pos_bagging_fraction: 1]
[neg_bagging_fraction: 1]
[bagging_freq: 1]
[bagging_seed: 42]
[bagging_by_query: 0]
[feature_fraction: 0.85]
[feature_fraction_bynode: 1]
[feature_fraction_seed: 42]
[extra_trees: 0]
[extra_seed: 12879]
[early_stopping_round: 0]
[early_stopping_min_delta: 0]
[first_metric_only: 0]
[max_delta_step: 0]
[lambda_l1: 0.2]
[lambda_l2: 1]
[linear_lambda: 0]
[min_gain_to_split: 0]
[drop_rate: 0.1]
[max_drop: 50]
[skip_drop: 0.5]
[xgboost_dart_mode: 0]
[uniform_drop: 0]
[drop_seed: 17869]
[top_rate: 0.2]
[other_rate: 0.1]
[min_data_per_group: 100]
[max_cat_threshold: 32]
[cat_l2: 10]
[cat_smooth: 10]
[max_cat_to_onehot: 4]
[top_k: 20]
[monotone_constraints: ]
[monotone_constraints_method: basic]
[monotone_penalty: 0]
[feature_contri: ]
[forcedsplits_filename: ]
[refit_decay_rate: 0.9]
[cegb_tradeoff: 1]
[cegb_penalty_split: 0]
[cegb_penalty_feature_lazy: ]
[cegb_penalty_feature_coupled: ]
[path_smooth: 0]
[interaction_constraints: ]
[verbosity: -1]
[saved_feature_importance_type: 0]
[use_quantized_grad: 0]
[num_grad_quant_bins: 4]
[quant_train_renew_leaf: 0]
[stochastic_rounding: 1]
[linear_tree: 0]
[max_bin: 255]
[max_bin_by_feature: ]
[min_data_in_bin: 3]
[bin_construct_sample_cnt: 200000]
[data_random_seed: 42]
[is_enable_sparse: 1]
[enable_bundle: 1]
[use_missing: 1]
[zero_as_missing: 0]
[feature_pre_filter: 1]
[pre_partition: 0]
[two_round: 0]
[header: 0]
[label_column: ]
[weight_column: ]
[group_column: ]
[ignore_column: ]
[categorical_feature: ]
[forcedbins_filename: ]
[precise_float_parser: 0]
[parser_config_file: ]
[objective_seed: 16083]
[num_class: 1]
[is_unbalance: 0]
[scale_pos_weight: 1]
[sigmoid: 1]
[boost_from_average: 1]
[reg_sqrt: 0]
[alpha: 0.9]
[fair_c: 1]
[poisson_max_delta_step: 0.7]
[tweedie_variance_power: 1.5]
[lambdarank_truncation_level: 30]
[lambdarank_norm: 1]
[label_gain: ]
[lambdarank_position_bias_regularization: 0]
[eval_at: ]
[multi_error_top_k: 1]
[auc_mu_weights: ]
[num_machines: 1]
[local_listen_port: 12400]
[time_out: 120]
[machine_list_filename: ]
[machines: ]
[gpu_platform_id: -1]
[gpu_device_id: -1]
[gpu_use_dp: 0]
[num_gpu: 1]

end of parameters

pandas_categorical:[]
